12
22
31
34
47
56
75
81
85
86
87
88
89
89
98
123
454
667
12
22
31
34
47
56
75
81
85
86
87
88
89
89
98
123
454
667
12
22
31
34
47
56
75
81
85
86
87
88
89
89
98
123
454
667
12
22
31
34
47
56
75
81
85
86
87
88
89
89
98
123
454
667
12
22
31
34
47
56
75
81
85
86
87
88
89
89
98
123
454
667
12
22
31
34
47
56
75
81
85
86
87
88
89
89
98
123
454
667
12
22
31
34
47
56
75
81
85
86
87
88
89
89
98
123
454
667
12
22
31
34
47
56
75
81
85
86
87
88
89
89
98
123
454
667
12
22
31
34
47
56
75
81
85
86
87
88
89
89
98
123
454
667
12
22
31
34
47
56
75
81
85
86
87
88
89
89
98
123
454
667
12
22
31
34
47
56
75
81
85
86
87
88
89
89
98
123
454
667
12
22
31
34
47
56
75
81
85
86
87
88
89
89
98
123
454
667
12
22
31
34
47
56
75
81
85
86
87
88
89
89
98
123
454
667
12
22
31
34
47
56
75
81
85
86
87
88
89
89
98
123
454
667
12
22
31
34
47
56
75
81
85
86
87
88
89
89
98
123
454
667
12
22
31
34
47
56
75
81
85
86
87
88
89
89
98
123
454
667
12
22
31
34
47
56
75
81
85
86
87
88
89
89
98
123
454
667
12
22
31
34
47
56
75
81
85
86
87
88
89
89
98
123
454
667
12
22
31
34
47
56
75
81
85
86
87
88
89
89
98
123
454
667
12
22
31
34
47
56
75
81
85
86
87
88
89
89
98
123
454
667
12
22
31
34
47
56
75
81
85
86
87
88
89
89
98
123
454
667
